SCSG_J82_pop
0.000000  0.000000
0.041670  0.000000
0.083340  0.000000
0.125010  0.000000
0.166680  0.000000
0.208350  0.000000
0.250020  0.000000
0.291690  0.000000
0.333360  0.000000
0.375030  0.000000
0.416701  0.000000
0.458371  0.000000
0.500041  0.000000
0.541711  0.000000
0.583381  0.000000
0.625051  0.000000
0.666721  0.000000
0.708391  0.000000
0.750061  0.000000
0.791731  0.000000

RCRG_HT_1197_pop
0.000000  0.000000
0.041670  0.000000
0.083340  0.000000
0.125010  0.000000
0.166680  0.000000
0.208350  0.000000
0.250020  0.000000
0.291690  0.000000
0.333360  0.000000
0.375030  0.000000
0.416701  0.000000
0.458371  0.000000
0.500041  0.000000
0.541711  0.000000
0.583381  0.000000
0.625051  0.000000
0.666721  0.000000
0.708391  0.000000
0.750061  0.000000
0.791731  0.000000

Dead_pop
0.000000  0.000000
0.041670  0.000000
0.083340  0.000000
0.125010  2.000000
0.166680  3.000000
0.208350  3.000000
0.250020  3.000000
0.291690  3.000000
0.333360  3.000000
0.375030  3.000000
0.416701  4.000000
0.458371  5.000000
0.500041  5.000000
0.541711  5.000000
0.583381  7.000000
0.625051  7.000000
0.666721  7.000000
0.708391  8.000000
0.750061  9.000000
0.791731  9.000000

LungNormal_pop
0.000000  0.000000
0.041670  0.000000
0.083340  0.000000
0.125010  0.000000
0.166680  0.000000
0.208350  0.000000
0.250020  0.000000
0.291690  0.000000
0.333360  0.000000
0.375030  0.000000
0.416701  0.000000
0.458371  0.000000
0.500041  0.000000
0.541711  0.000000
0.583381  0.000000
0.625051  0.000000
0.666721  0.000000
0.708391  0.000000
0.750061  0.000000
0.791731  0.000000

IC50Gem_pop
0.000000  0.000000
0.041670  39.000000
0.083340  39.000000
0.125010  36.000000
0.166680  36.000000
0.208350  36.000000
0.250020  36.000000
0.291690  36.000000
0.333360  36.000000
0.375030  36.000000
0.416701  34.000000
0.458371  33.000000
0.500041  33.000000
0.541711  33.000000
0.583381  30.000000
0.625051  30.000000
0.666721  30.000000
0.708391  28.000000
0.750061  26.000000
0.791731  26.000000

Vessel_pop
0.000000  19.000000
0.041670  19.000000
0.083340  19.000000
0.125010  19.000000
0.166680  19.000000
0.208350  19.000000
0.250020  19.000000
0.291690  19.000000
0.333360  19.000000
0.375030  19.000000
0.416701  19.000000
0.458371  19.000000
0.500041  19.000000
0.541711  19.000000
0.583381  19.000000
0.625051  19.000000
0.666721  19.000000
0.708391  19.000000
0.750061  19.000000
0.791731  19.000000

IC50Cis_pop
0.000000  0.000000
0.041670  0.000000
0.083340  0.000000
0.125010  0.000000
0.166680  0.000000
0.208350  0.000000
0.250020  0.000000
0.291690  0.000000
0.333360  0.000000
0.375030  0.000000
0.416701  0.000000
0.458371  0.000000
0.500041  0.000000
0.541711  0.000000
0.583381  0.000000
0.625051  0.000000
0.666721  0.000000
0.708391  0.000000
0.750061  0.000000
0.791731  0.000000

RCSG_LB831_BLC_pop
0.000000  18.000000
0.041670  0.000000
0.083340  0.000000
0.125010  0.000000
0.166680  0.000000
0.208350  0.000000
0.250020  0.000000
0.291690  0.000000
0.333360  0.000000
0.375030  0.000000
0.416701  0.000000
0.458371  0.000000
0.500041  0.000000
0.541711  0.000000
0.583381  0.000000
0.625051  0.000000
0.666721  0.000000
0.708391  0.000000
0.750061  0.000000
0.791731  0.000000

RCSG_DSH1_pop
0.000000  0.000000
0.041670  0.000000
0.083340  0.000000
0.125010  0.000000
0.166680  0.000000
0.208350  0.000000
0.250020  0.000000
0.291690  0.000000
0.333360  0.000000
0.375030  0.000000
0.416701  0.000000
0.458371  0.000000
0.500041  0.000000
0.541711  0.000000
0.583381  0.000000
0.625051  0.000000
0.666721  0.000000
0.708391  0.000000
0.750061  0.000000
0.791731  0.000000

SCRG_KU_19_19_pop
0.000000  0.000000
0.041670  0.000000
0.083340  0.000000
0.125010  0.000000
0.166680  0.000000
0.208350  0.000000
0.250020  0.000000
0.291690  0.000000
0.333360  0.000000
0.375030  0.000000
0.416701  0.000000
0.458371  0.000000
0.500041  0.000000
0.541711  0.000000
0.583381  0.000000
0.625051  0.000000
0.666721  0.000000
0.708391  0.000000
0.750061  0.000000
0.791731  0.000000

SCSG_BFTC_905_pop
0.000000  21.000000
0.041670  0.000000
0.083340  0.000000
0.125010  0.000000
0.166680  0.000000
0.208350  0.000000
0.250020  0.000000
0.291690  0.000000
0.333360  0.000000
0.375030  0.000000
0.416701  0.000000
0.458371  0.000000
0.500041  0.000000
0.541711  0.000000
0.583381  0.000000
0.625051  0.000000
0.666721  0.000000
0.708391  0.000000
0.750061  0.000000
0.791731  0.000000

GemResist_pop
0.000000  0.000000
0.041670  0.000000
0.083340  0.000000
0.125010  0.000000
0.166680  0.000000
0.208350  0.000000
0.250020  0.000000
0.291690  0.000000
0.333360  0.000000
0.375030  0.000000
0.416701  0.000000
0.458371  0.000000
0.500041  0.000000
0.541711  0.000000
0.583381  0.000000
0.625051  0.000000
0.666721  0.000000
0.708391  0.000000
0.750061  0.000000
0.791731  0.000000

RCRG_RT4_pop
0.000000  21.000000
0.041670  21.000000
0.083340  21.000000
0.125010  21.000000
0.166680  21.000000
0.208350  21.000000
0.250020  22.000000
0.291690  22.000000
0.333360  22.000000
0.375030  23.000000
0.416701  23.000000
0.458371  23.000000
0.500041  23.000000
0.541711  23.000000
0.583381  24.000000
0.625051  25.000000
0.666721  26.000000
0.708391  26.000000
0.750061  26.000000
0.791731  26.000000

CisResist_pop
0.000000  0.000000
0.041670  0.000000
0.083340  0.000000
0.125010  0.000000
0.166680  0.000000
0.208350  0.000000
0.250020  0.000000
0.291690  0.000000
0.333360  0.000000
0.375030  0.000000
0.416701  0.000000
0.458371  0.000000
0.500041  0.000000
0.541711  0.000000
0.583381  0.000000
0.625051  0.000000
0.666721  0.000000
0.708391  0.000000
0.750061  0.000000
0.791731  0.000000

SCRG_SW780_pop
0.000000  21.000000
0.041670  21.000000
0.083340  22.000000
0.125010  22.000000
0.166680  22.000000
0.208350  23.000000
0.250020  24.000000
0.291690  25.000000
0.333360  25.000000
0.375030  25.000000
0.416701  26.000000
0.458371  26.000000
0.500041  27.000000
0.541711  28.000000
0.583381  28.000000
0.625051  28.000000
0.666721  28.000000
0.708391  28.000000
0.750061  28.000000
0.791731  28.000000

