SCSG_J82_pop
0.000000  0.000000
0.041670  0.000000
0.083340  0.000000
0.125010  0.000000
0.166680  0.000000
0.208350  0.000000
0.250020  0.000000
0.291690  0.000000
0.333360  0.000000
0.375030  0.000000
0.416701  0.000000
0.458371  0.000000
0.500041  0.000000
0.541711  0.000000
0.583381  0.000000
0.625051  0.000000
0.666721  0.000000
0.708391  0.000000
0.750061  0.000000
0.791731  0.000000
0.833401  0.000000
0.875071  0.000000
0.916741  0.000000
0.958411  0.000000
1.000081  0.000000
1.041751  0.000000
1.083421  0.000000
1.125091  0.000000
1.166761  0.000000
1.208431  0.000000
1.250102  0.000000
1.291772  0.000000
1.333442  0.000000
1.375112  0.000000
1.416782  0.000000
1.458452  0.000000
1.500122  0.000000
1.541792  0.000000
1.583462  0.000000
1.625132  0.000000
1.666802  0.000000
1.708472  0.000000
1.750142  0.000000
1.791812  0.000000
1.833482  0.000000
1.875152  0.000000
1.916822  0.000000
1.958492  0.000000
2.000162  0.000000
2.041832  0.000000

RCRG_HT_1197_pop
0.000000  0.000000
0.041670  0.000000
0.083340  0.000000
0.125010  0.000000
0.166680  0.000000
0.208350  0.000000
0.250020  0.000000
0.291690  0.000000
0.333360  0.000000
0.375030  0.000000
0.416701  0.000000
0.458371  0.000000
0.500041  0.000000
0.541711  0.000000
0.583381  0.000000
0.625051  0.000000
0.666721  0.000000
0.708391  0.000000
0.750061  0.000000
0.791731  0.000000
0.833401  0.000000
0.875071  0.000000
0.916741  0.000000
0.958411  0.000000
1.000081  0.000000
1.041751  0.000000
1.083421  0.000000
1.125091  0.000000
1.166761  0.000000
1.208431  0.000000
1.250102  0.000000
1.291772  0.000000
1.333442  0.000000
1.375112  0.000000
1.416782  0.000000
1.458452  0.000000
1.500122  0.000000
1.541792  0.000000
1.583462  0.000000
1.625132  0.000000
1.666802  0.000000
1.708472  0.000000
1.750142  0.000000
1.791812  0.000000
1.833482  0.000000
1.875152  0.000000
1.916822  0.000000
1.958492  0.000000
2.000162  0.000000
2.041832  0.000000

Dead_pop
0.000000  0.000000
0.041670  1.000000
0.083340  1.000000
0.125010  2.000000
0.166680  2.000000
0.208350  3.000000
0.250020  5.000000
0.291690  5.000000
0.333360  6.000000
0.375030  6.000000
0.416701  6.000000
0.458371  6.000000
0.500041  7.000000
0.541711  7.000000
0.583381  7.000000
0.625051  9.000000
0.666721  11.000000
0.708391  12.000000
0.750061  12.000000
0.791731  14.000000
0.833401  14.000000
0.875071  15.000000
0.916741  17.000000
0.958411  17.000000
1.000081  17.000000
1.041751  17.000000
1.083421  19.000000
1.125091  19.000000
1.166761  20.000000
1.208431  19.000000
1.250102  18.000000
1.291772  18.000000
1.333442  18.000000
1.375112  18.000000
1.416782  20.000000
1.458452  20.000000
1.500122  20.000000
1.541792  20.000000
1.583462  20.000000
1.625132  18.000000
1.666802  16.000000
1.708472  15.000000
1.750142  15.000000
1.791812  13.000000
1.833482  13.000000
1.875152  12.000000
1.916822  11.000000
1.958492  14.000000
2.000162  14.000000
2.041832  14.000000

LungNormal_pop
0.000000  0.000000
0.041670  0.000000
0.083340  0.000000
0.125010  0.000000
0.166680  0.000000
0.208350  0.000000
0.250020  0.000000
0.291690  0.000000
0.333360  0.000000
0.375030  0.000000
0.416701  0.000000
0.458371  0.000000
0.500041  0.000000
0.541711  0.000000
0.583381  0.000000
0.625051  0.000000
0.666721  0.000000
0.708391  0.000000
0.750061  0.000000
0.791731  0.000000
0.833401  0.000000
0.875071  0.000000
0.916741  0.000000
0.958411  0.000000
1.000081  0.000000
1.041751  0.000000
1.083421  0.000000
1.125091  0.000000
1.166761  0.000000
1.208431  0.000000
1.250102  0.000000
1.291772  0.000000
1.333442  0.000000
1.375112  0.000000
1.416782  0.000000
1.458452  0.000000
1.500122  0.000000
1.541792  0.000000
1.583462  0.000000
1.625132  0.000000
1.666802  0.000000
1.708472  0.000000
1.750142  0.000000
1.791812  0.000000
1.833482  0.000000
1.875152  0.000000
1.916822  0.000000
1.958492  0.000000
2.000162  0.000000
2.041832  0.000000

IC50Gem_pop
0.000000  0.000000
0.041670  42.000000
0.083340  42.000000
0.125010  41.000000
0.166680  42.000000
0.208350  41.000000
0.250020  39.000000
0.291690  39.000000
0.333360  39.000000
0.375030  39.000000
0.416701  39.000000
0.458371  39.000000
0.500041  38.000000
0.541711  38.000000
0.583381  38.000000
0.625051  36.000000
0.666721  34.000000
0.708391  35.000000
0.750061  35.000000
0.791731  34.000000
0.833401  35.000000
0.875071  34.000000
0.916741  32.000000
0.958411  34.000000
1.000081  35.000000
1.041751  35.000000
1.083421  33.000000
1.125091  29.000000
1.166761  28.000000
1.208431  30.000000
1.250102  31.000000
1.291772  31.000000
1.333442  30.000000
1.375112  30.000000
1.416782  28.000000
1.458452  28.000000
1.500122  28.000000
1.541792  28.000000
1.583462  30.000000
1.625132  32.000000
1.666802  31.000000
1.708472  31.000000
1.750142  31.000000
1.791812  29.000000
1.833482  29.000000
1.875152  28.000000
1.916822  26.000000
1.958492  24.000000
2.000162  24.000000
2.041832  21.000000

Vessel_pop
0.000000  19.000000
0.041670  19.000000
0.083340  19.000000
0.125010  19.000000
0.166680  19.000000
0.208350  19.000000
0.250020  19.000000
0.291690  19.000000
0.333360  19.000000
0.375030  19.000000
0.416701  19.000000
0.458371  19.000000
0.500041  19.000000
0.541711  19.000000
0.583381  19.000000
0.625051  19.000000
0.666721  19.000000
0.708391  19.000000
0.750061  19.000000
0.791731  19.000000
0.833401  19.000000
0.875071  19.000000
0.916741  19.000000
0.958411  19.000000
1.000081  19.000000
1.041751  19.000000
1.083421  19.000000
1.125091  19.000000
1.166761  19.000000
1.208431  19.000000
1.250102  19.000000
1.291772  19.000000
1.333442  19.000000
1.375112  19.000000
1.416782  19.000000
1.458452  19.000000
1.500122  19.000000
1.541792  19.000000
1.583462  19.000000
1.625132  19.000000
1.666802  19.000000
1.708472  19.000000
1.750142  19.000000
1.791812  19.000000
1.833482  19.000000
1.875152  19.000000
1.916822  19.000000
1.958492  19.000000
2.000162  19.000000
2.041832  19.000000

IC50Cis_pop
0.000000  0.000000
0.041670  0.000000
0.083340  0.000000
0.125010  0.000000
0.166680  0.000000
0.208350  0.000000
0.250020  0.000000
0.291690  0.000000
0.333360  0.000000
0.375030  0.000000
0.416701  0.000000
0.458371  0.000000
0.500041  0.000000
0.541711  0.000000
0.583381  0.000000
0.625051  0.000000
0.666721  0.000000
0.708391  0.000000
0.750061  0.000000
0.791731  0.000000
0.833401  0.000000
0.875071  0.000000
0.916741  0.000000
0.958411  0.000000
1.000081  0.000000
1.041751  0.000000
1.083421  0.000000
1.125091  0.000000
1.166761  0.000000
1.208431  0.000000
1.250102  0.000000
1.291772  0.000000
1.333442  0.000000
1.375112  0.000000
1.416782  0.000000
1.458452  0.000000
1.500122  0.000000
1.541792  0.000000
1.583462  0.000000
1.625132  0.000000
1.666802  0.000000
1.708472  0.000000
1.750142  0.000000
1.791812  0.000000
1.833482  0.000000
1.875152  0.000000
1.916822  0.000000
1.958492  0.000000
2.000162  0.000000
2.041832  0.000000

RCSG_LB831_BLC_pop
0.000000  22.000000
0.041670  0.000000
0.083340  0.000000
0.125010  0.000000
0.166680  0.000000
0.208350  0.000000
0.250020  0.000000
0.291690  0.000000
0.333360  0.000000
0.375030  0.000000
0.416701  0.000000
0.458371  0.000000
0.500041  0.000000
0.541711  0.000000
0.583381  0.000000
0.625051  0.000000
0.666721  0.000000
0.708391  0.000000
0.750061  0.000000
0.791731  0.000000
0.833401  0.000000
0.875071  0.000000
0.916741  0.000000
0.958411  0.000000
1.000081  0.000000
1.041751  0.000000
1.083421  0.000000
1.125091  0.000000
1.166761  0.000000
1.208431  0.000000
1.250102  0.000000
1.291772  0.000000
1.333442  0.000000
1.375112  0.000000
1.416782  0.000000
1.458452  0.000000
1.500122  0.000000
1.541792  0.000000
1.583462  0.000000
1.625132  0.000000
1.666802  0.000000
1.708472  0.000000
1.750142  0.000000
1.791812  0.000000
1.833482  0.000000
1.875152  0.000000
1.916822  0.000000
1.958492  0.000000
2.000162  0.000000
2.041832  0.000000

RCSG_DSH1_pop
0.000000  0.000000
0.041670  0.000000
0.083340  0.000000
0.125010  0.000000
0.166680  0.000000
0.208350  0.000000
0.250020  0.000000
0.291690  0.000000
0.333360  0.000000
0.375030  0.000000
0.416701  0.000000
0.458371  0.000000
0.500041  0.000000
0.541711  0.000000
0.583381  0.000000
0.625051  0.000000
0.666721  0.000000
0.708391  0.000000
0.750061  0.000000
0.791731  0.000000
0.833401  0.000000
0.875071  0.000000
0.916741  0.000000
0.958411  0.000000
1.000081  0.000000
1.041751  0.000000
1.083421  0.000000
1.125091  0.000000
1.166761  0.000000
1.208431  0.000000
1.250102  0.000000
1.291772  0.000000
1.333442  0.000000
1.375112  0.000000
1.416782  0.000000
1.458452  0.000000
1.500122  0.000000
1.541792  0.000000
1.583462  0.000000
1.625132  0.000000
1.666802  0.000000
1.708472  0.000000
1.750142  0.000000
1.791812  0.000000
1.833482  0.000000
1.875152  0.000000
1.916822  0.000000
1.958492  0.000000
2.000162  0.000000
2.041832  0.000000

SCRG_KU_19_19_pop
0.000000  0.000000
0.041670  0.000000
0.083340  0.000000
0.125010  0.000000
0.166680  0.000000
0.208350  0.000000
0.250020  0.000000
0.291690  0.000000
0.333360  0.000000
0.375030  0.000000
0.416701  0.000000
0.458371  0.000000
0.500041  0.000000
0.541711  0.000000
0.583381  0.000000
0.625051  0.000000
0.666721  0.000000
0.708391  0.000000
0.750061  0.000000
0.791731  0.000000
0.833401  0.000000
0.875071  0.000000
0.916741  0.000000
0.958411  0.000000
1.000081  0.000000
1.041751  0.000000
1.083421  0.000000
1.125091  0.000000
1.166761  0.000000
1.208431  0.000000
1.250102  0.000000
1.291772  0.000000
1.333442  0.000000
1.375112  0.000000
1.416782  0.000000
1.458452  0.000000
1.500122  0.000000
1.541792  0.000000
1.583462  0.000000
1.625132  0.000000
1.666802  0.000000
1.708472  0.000000
1.750142  0.000000
1.791812  0.000000
1.833482  0.000000
1.875152  0.000000
1.916822  0.000000
1.958492  0.000000
2.000162  0.000000
2.041832  0.000000

SCSG_BFTC_905_pop
0.000000  21.000000
0.041670  0.000000
0.083340  0.000000
0.125010  0.000000
0.166680  0.000000
0.208350  0.000000
0.250020  0.000000
0.291690  0.000000
0.333360  0.000000
0.375030  0.000000
0.416701  0.000000
0.458371  0.000000
0.500041  0.000000
0.541711  0.000000
0.583381  0.000000
0.625051  0.000000
0.666721  0.000000
0.708391  0.000000
0.750061  0.000000
0.791731  0.000000
0.833401  0.000000
0.875071  0.000000
0.916741  0.000000
0.958411  0.000000
1.000081  0.000000
1.041751  0.000000
1.083421  0.000000
1.125091  0.000000
1.166761  0.000000
1.208431  0.000000
1.250102  0.000000
1.291772  0.000000
1.333442  0.000000
1.375112  0.000000
1.416782  0.000000
1.458452  0.000000
1.500122  0.000000
1.541792  0.000000
1.583462  0.000000
1.625132  0.000000
1.666802  0.000000
1.708472  0.000000
1.750142  0.000000
1.791812  0.000000
1.833482  0.000000
1.875152  0.000000
1.916822  0.000000
1.958492  0.000000
2.000162  0.000000
2.041832  0.000000

GemResist_pop
0.000000  0.000000
0.041670  0.000000
0.083340  0.000000
0.125010  0.000000
0.166680  0.000000
0.208350  0.000000
0.250020  0.000000
0.291690  0.000000
0.333360  0.000000
0.375030  0.000000
0.416701  0.000000
0.458371  0.000000
0.500041  0.000000
0.541711  0.000000
0.583381  0.000000
0.625051  0.000000
0.666721  0.000000
0.708391  0.000000
0.750061  0.000000
0.791731  0.000000
0.833401  0.000000
0.875071  0.000000
0.916741  0.000000
0.958411  0.000000
1.000081  0.000000
1.041751  0.000000
1.083421  0.000000
1.125091  0.000000
1.166761  0.000000
1.208431  0.000000
1.250102  0.000000
1.291772  0.000000
1.333442  0.000000
1.375112  0.000000
1.416782  0.000000
1.458452  0.000000
1.500122  0.000000
1.541792  0.000000
1.583462  0.000000
1.625132  0.000000
1.666802  0.000000
1.708472  0.000000
1.750142  0.000000
1.791812  0.000000
1.833482  0.000000
1.875152  0.000000
1.916822  0.000000
1.958492  0.000000
2.000162  0.000000
2.041832  0.000000

RCRG_RT4_pop
0.000000  21.000000
0.041670  22.000000
0.083340  22.000000
0.125010  22.000000
0.166680  22.000000
0.208350  23.000000
0.250020  23.000000
0.291690  23.000000
0.333360  23.000000
0.375030  23.000000
0.416701  23.000000
0.458371  23.000000
0.500041  24.000000
0.541711  24.000000
0.583381  24.000000
0.625051  24.000000
0.666721  25.000000
0.708391  25.000000
0.750061  25.000000
0.791731  25.000000
0.833401  25.000000
0.875071  25.000000
0.916741  26.000000
0.958411  27.000000
1.000081  28.000000
1.041751  28.000000
1.083421  28.000000
1.125091  28.000000
1.166761  29.000000
1.208431  29.000000
1.250102  29.000000
1.291772  30.000000
1.333442  30.000000
1.375112  30.000000
1.416782  30.000000
1.458452  31.000000
1.500122  31.000000
1.541792  31.000000
1.583462  31.000000
1.625132  31.000000
1.666802  31.000000
1.708472  31.000000
1.750142  33.000000
1.791812  34.000000
1.833482  34.000000
1.875152  34.000000
1.916822  38.000000
1.958492  38.000000
2.000162  38.000000
2.041832  38.000000

CisResist_pop
0.000000  0.000000
0.041670  0.000000
0.083340  0.000000
0.125010  0.000000
0.166680  0.000000
0.208350  0.000000
0.250020  0.000000
0.291690  0.000000
0.333360  0.000000
0.375030  0.000000
0.416701  0.000000
0.458371  0.000000
0.500041  0.000000
0.541711  0.000000
0.583381  0.000000
0.625051  0.000000
0.666721  0.000000
0.708391  0.000000
0.750061  0.000000
0.791731  0.000000
0.833401  0.000000
0.875071  0.000000
0.916741  0.000000
0.958411  0.000000
1.000081  0.000000
1.041751  0.000000
1.083421  0.000000
1.125091  0.000000
1.166761  0.000000
1.208431  0.000000
1.250102  0.000000
1.291772  0.000000
1.333442  0.000000
1.375112  0.000000
1.416782  0.000000
1.458452  0.000000
1.500122  0.000000
1.541792  0.000000
1.583462  0.000000
1.625132  0.000000
1.666802  0.000000
1.708472  0.000000
1.750142  0.000000
1.791812  0.000000
1.833482  0.000000
1.875152  0.000000
1.916822  0.000000
1.958492  0.000000
2.000162  0.000000
2.041832  0.000000

SCRG_SW780_pop
0.000000  17.000000
0.041670  17.000000
0.083340  17.000000
0.125010  18.000000
0.166680  18.000000
0.208350  18.000000
0.250020  18.000000
0.291690  18.000000
0.333360  18.000000
0.375030  18.000000
0.416701  19.000000
0.458371  19.000000
0.500041  19.000000
0.541711  19.000000
0.583381  20.000000
0.625051  20.000000
0.666721  20.000000
0.708391  21.000000
0.750061  22.000000
0.791731  22.000000
0.833401  22.000000
0.875071  22.000000
0.916741  22.000000
0.958411  22.000000
1.000081  23.000000
1.041751  23.000000
1.083421  23.000000
1.125091  23.000000
1.166761  23.000000
1.208431  23.000000
1.250102  23.000000
1.291772  23.000000
1.333442  23.000000
1.375112  25.000000
1.416782  25.000000
1.458452  25.000000
1.500122  25.000000
1.541792  25.000000
1.583462  25.000000
1.625132  25.000000
1.666802  27.000000
1.708472  28.000000
1.750142  28.000000
1.791812  29.000000
1.833482  31.000000
1.875152  31.000000
1.916822  31.000000
1.958492  34.000000
2.000162  35.000000
2.041832  35.000000

