SCSG_J82_pop
0.000000  0.000000
0.041670  0.000000
0.083340  0.000000
0.125010  0.000000

RCRG_HT_1197_pop
0.000000  0.000000
0.041670  0.000000
0.083340  0.000000
0.125010  0.000000

Dead_pop
0.000000  0.000000
0.041670  1.000000
0.083340  2.000000
0.125010  3.000000

LungNormal_pop
0.000000  0.000000
0.041670  0.000000
0.083340  0.000000
0.125010  0.000000

IC50Gem_pop
0.000000  0.000000
0.041670  41.000000
0.083340  39.000000
0.125010  37.000000

Vessel_pop
0.000000  14.000000
0.041670  14.000000
0.083340  14.000000
0.125010  14.000000

IC50Cis_pop
0.000000  0.000000
0.041670  0.000000
0.083340  0.000000
0.125010  0.000000

RCSG_LB831_BLC_pop
0.000000  23.000000
0.041670  0.000000
0.083340  0.000000
0.125010  0.000000

RCSG_DSH1_pop
0.000000  0.000000
0.041670  0.000000
0.083340  0.000000
0.125010  0.000000

SCRG_KU_19_19_pop
0.000000  0.000000
0.041670  0.000000
0.083340  0.000000
0.125010  0.000000

SCSG_BFTC_905_pop
0.000000  20.000000
0.041670  0.000000
0.083340  0.000000
0.125010  0.000000

GemResist_pop
0.000000  0.000000
0.041670  0.000000
0.083340  0.000000
0.125010  0.000000

RCRG_RT4_pop
0.000000  24.000000
0.041670  24.000000
0.083340  24.000000
0.125010  24.000000

CisResist_pop
0.000000  0.000000
0.041670  0.000000
0.083340  0.000000
0.125010  0.000000

SCRG_SW780_pop
0.000000  19.000000
0.041670  20.000000
0.083340  21.000000
0.125010  21.000000

